kinematics:
  shoulder:
    x: 0
    y: 0
    z: 0.08925534916082735
    roll: -0
    pitch: 0
    yaw: 6.657602848972217e-05
  upper_arm:
    x: 0.0001332389109018088
    y: 0
    z: 0
    roll: 1.570638619639517
    pitch: 0
    yaw: -0.0001160871930205143
  forearm:
    x: -0.4252188114582375
    y: 0
    z: 0
    roll: 3.141439127738236
    pitch: 3.140880840675485
    yaw: -3.141534675757832
  wrist_1:
    x: -0.3923153289577009
    y: -0.000676202411639964
    z: 0.1110116484066531
    roll: 0.006091199061944489
    pitch: 0.0008611437195685617
    yaw: 2.984036183862218e-05
  wrist_2:
    x: 8.903764996293362e-05
    y: -0.09486348022322512
    z: 2.271398826472539e-05
    roll: 1.57055688810071
    pitch: 0
    yaw: -8.273930375288097e-05
  wrist_3:
    x: 1.462204106585614e-05
    y: 0.08259082527000686
    z: 4.99004222122408e-05
    roll: 1.571400515165423
    pitch: 3.141592653589793
    yaw: -3.141562148007064
  hash: calib_15219375110429073863